11,18
11,5
11,17
11,25
11,2
11,3
9,7
9,1
9,5
8,12
8,5
8,13
8,2
8,3
100,0
99,4
99,3
99,2
99,1
99,0
98,5
98,4
98,3
98,2
98,1
98,0
97,6
97,5
97,4
97,3
97,2
97,1
97,0
96,5
96,4
96,3
96,2
96,1
96,0
95,5
95,4
95,3
95,2
95,1
95,0
94,5
94,4
94,3
94,2
94,1
94,0
93,5
93,4
93,3
93,2
93,1
93,0
92,2
92,0
91,30
91,22
91,21
91,20
91,19
91,18
91,17
91,16
91,15
91,14
91,13
91,12
91,11
91,10
91,9
91,8
91,2
91,0
90,24
90,21
90,16
90,15
90,14
90,12
90,11
90,10
90,9
90,8
90,7
90,6
90,2
90,0
89,127
89,126
89,125
89,124
89,123
89,122
89,121
89,120
89,119
89,118
89,117
89,116
89,115
89,114
89,113
89,112
89,111
89,110
89,109
89,108
89,107
89,106
89,105
89,104
89,103
89,102
89,101
89,88
20,3
20,2
20,1
19,3
19,2
19,1
18,1
12,3
12,2
18,3
12,1
11,23
